20.324697
18.110857
15.981865
14.034941
12.301548
10.738367
9.344093
8.109735
7.010855
6.050733
5.206976
4.473804
3.843550
3.299163
2.840765
2.452356
2.128973
1.864745
1.646943
1.475893
1.339621
1.234932
1.158023
1.099501
1.061036
1.033824
1.016788
1.008343
1.001949
1.001200
1.000007
0.999605
1.000719
0.999361
1.001419
1.003216
1.008435
1.020186
1.036775
1.066736
1.108490
1.168318
1.251801
1.359226
1.502213
1.680871
1.904286
2.180641
2.511706
2.912938
3.385391
3.941340
4.591859
5.339102
6.204096
7.187052
8.304331
9.571001
10.985636
12.581602
14.350723
16.315695
18.516094
20.120520
