3.000156
-23.600637
-19.193871
-16.944841
-15.214291
-12.435202
-11.123755
-9.025565
-7.435430
-6.181259
-4.496767
-3.608635
-2.322945
-1.365604
-0.647622
0.347059
0.774666
1.488305
1.955244
2.243984
2.758474
2.825378
3.143952
3.268544
3.261616
3.470184
3.304480
3.390614
3.321848
3.160592
3.226838
2.965461
2.977241
2.864220
2.692716
2.776797
2.559188
2.653764
2.645367
2.608126
2.870451
2.834843
3.170917
3.415380
3.655354
4.260597
4.539144
5.280874
5.924944
6.579637
7.705745
8.412279
9.740204
10.926657
12.114333
13.987514
15.164683
17.327614
19.185646
20.902458
24.113234
25.087635
29.346478
-22.129848
