-11.103911
-9.259050
-7.484888
-5.862452
-4.417959
-3.115305
-1.953411
-0.924780
-0.009045
0.791057
1.494187
2.105164
2.630375
3.084032
3.466030
3.789701
4.059189
4.279380
4.460881
4.603424
4.716983
4.804224
4.868314
4.917084
4.949138
4.971814
4.986011
4.993046
4.998376
4.999000
4.999995
5.000330
4.999401
5.000533
4.998819
4.997320
4.992971
4.983178
4.969356
4.944386
4.909591
4.859735
4.790166
4.700646
4.581489
4.432608
4.246429
4.016134
3.740245
3.405885
3.012174
2.548884
2.006785
1.384082
0.663253
-0.155876
-1.086942
-2.142501
-3.321363
-4.651335
-6.125604
-7.763079
-9.596744
-10.933775
