0.000025
-4.326406
-3.602119
-3.230014
-2.943018
-2.485821
-2.268310
-1.923206
-1.661419
-1.454891
-1.178767
-1.032857
-0.822644
-0.666359
-0.549483
-0.387923
-0.319114
-0.204056
-0.129513
-0.084302
-0.002594
0.005940
0.055239
0.072724
0.068594
0.099402
0.069094
0.079690
0.064952
0.035070
0.042195
-0.004084
-0.005873
-0.027980
-0.059579
-0.049483
-0.088453
-0.076463
-0.081121
-0.090331
-0.050567
-0.059146
-0.006958
0.030544
0.067576
0.164397
0.208303
0.327994
0.432127
0.538364
0.721795
0.837295
1.054464
1.249051
1.444324
1.751781
1.946383
2.302130
2.608780
2.893025
3.421274
3.585841
4.286138
-4.092630
